61
182
319
396
399
409
406
484
813
548
1394
1317
1569
1528
1563
1659
2009
2061
2173
2787
2794
2811
2859
2894
3085
3264
3510
3591
3933
3961
4277
4478
4502
4756
4856
5084
5276
5441
5512
5511
5695
5724
5883
5979
6104
6460
6701
6972
7174
7262
7498
7529
7631
7673
7720
8032
7840
8111
8425
8739
8858
9028
9502
9681
10025
10031
10033
10425
11246
11288
11297
11848
12187
12291
12354
13150
13404
13425
13990
14281
15657
15840
15837
15896
17083
17142
17934
18585
19240
19634
20224
20714
20819
21216
21322
21819
22200
22563
22929
23127
23598
23896
24055
24335
24410
24443
25605
25911
26385
26862
26899
28155
28603
29499
29559
30983
31129